ilk dizi
1.
1- [22,27,16,2,18,6]
2- [2,27,16,22,18,6]
3- [2,6,16,22,18,27]
4- [2,6,16,22,18,27]
5- [2,6,16,18,22,27]
6- [2,6,16,18,22,27]

2.
O(n^2)

3.
best case 2
average cast 18
worst case 27

4.
18 = average case

ikinci dizi
1.
1- [7,3,5,8,2,9,4,15,6]
2- [2,3,5,8,7,9,4,15,6]
3- [2,3,5,8,7,9,4,15,6]
4- [2,3,4,8,7,9,5,15,6]
5- [2,3,4,5,7,9,8,15,6]
6- [2,3,4,5,6,9,8,15,7]
7- [2,3,4,5,6,7,8,15,9]
8- [2,3,4,5,6,7,8,15,9]
9- [2,3,4,5,6,7,8,9,15]

2.
O(n^2)

3.
best case 2
average cast 6
worst case 15

4.
8 = worst case